0
3
100 20 600 300
10 10
5 5 5 5 5 5 5 5 5 5 
1 1 1 0 0 0 1 1 1 1 
2 2 0 0 0 0 0 2 2 2 
3 3 0 0 0 0 0 0 3 3 
4 0 0 0 0 0 0 0 0 4 
0 0 0 0 0 0 0 0 0 0 
4 0 0 0 0 0 0 0 0 4 
3 0 0 0 0 0 0 0 3 3 
2 2 0 0 0 0 0 2 2 2 
1 1 1 1 0 0 0 1 1 1 

20 0 560 500 100 20
0.0265037 0.0499756 360 265 15 15
5 0 20 600
775 0 20 600
0 0 800 20
0 0.02 220 601 50 20
0 0.02 160 601 50 20
0 0.02 100 601 50 20
0 0.02 160 601 50 20
0 0.02 220 601 50 20
0 0.02 280 601 50 20
0 0.02 520 601 50 20
0 0.02 640 601 50 20
0 0.02 580 601 50 20
0 0.02 460 564 50 20
0 0.02 280 231 50 20
0 0.02 220 375 50 20
0 0.02 160 334 50 20
0 0.02 220 141 50 20
